#      Train        Test
     38.5742      12.9753 
     12.6037      11.5792 
      12.493      11.7158 
     11.5011      11.0609 
     11.0779      10.4526 
     10.9087      10.1566 
     10.7227      10.8367 
     10.5531      10.4785 
     10.4404      10.4623 
     10.0619      10.4086 
     9.96994      9.78257 
     9.65211      9.95806 
     9.74987      9.77974 
     9.55973      9.65365 
       9.337      9.46141 
      8.9775      9.49612 
     9.07527      9.01715 
     9.04933      9.42212 
     9.01508      9.18849 
     8.75514       8.7748 
     9.22505      9.09399 
     8.64715      8.67712 
     8.62331      8.61556 
      8.7632      9.03413 
     8.38635      8.51655 
     8.23983      8.18781 
      8.1222      7.98121 
     7.97941      7.98385 
     8.09194      8.23139 
     7.97829      8.05639 
     7.81163      7.89391 
     7.77817      8.02491 
     7.50705       7.8902 
     7.69989      8.39716 
     7.54207      7.77544 
     7.58759      7.97223 
     7.72107      7.80687 
     7.42532      8.33231 
     7.48997      7.63745 
     7.31444       7.7446 
     7.17435      7.95722 
     7.09169      7.73408 
     7.36371      7.43526 
     7.13865      8.09317 
     7.24709      7.69975 
     7.14957      7.79875 
     6.98763      7.35368 
     6.98675      8.12552 
     6.88621       7.4218 
     6.78321      7.25284 
     7.00057      7.66664 
     6.72933      7.56513 
     6.75225      7.07187 
     6.88286      7.78952 
     6.61125      7.51327 
     6.50822      7.43641 
     6.57837      7.21824 
     6.46229      7.21072 
     6.34503      7.04983 
     6.62651      6.95324 
     6.44653       7.1046 
     6.53925      7.32679 
     6.28489      7.51498 
     6.58244        8.048 
     6.17005      7.23339 
     6.40573      7.41537 
     6.56228       7.0672 
     6.05309      7.31326 
      6.1365      6.85057 
     6.19292      7.66018 
      6.2125      7.07991 
     5.86973      7.14575 
     6.08566      6.87591 
      5.8917      7.08612 
      5.9773      6.80921 
     5.93503      6.71413 
     5.82933      6.85352 
     5.84783      6.29038 
     5.70086      6.52433 
     5.84072      7.15557 
     5.84135      7.08203 
     6.00095      7.01718 
     5.77651      6.73682 
     5.63549      7.00365 
       5.643      7.03939 
      5.5838      6.99728 
     5.71445      6.96509 
     5.76581      6.89993 
     5.59707      6.84794 
      5.8166       6.8939 
     5.45129      6.56761 
     5.40172      7.00654 
     5.75786      7.64087 
     5.49785      6.60313 
     5.53352      6.22983 
     5.28753      6.60868 
     5.39627      6.92031 
     5.36303      5.96929 
     5.50659       6.9217 
     5.45083      6.70807 
     5.45519      6.64736 
     5.54803      6.56746 
     5.40682      6.76638 
     5.25056         6.65 
     5.25628      6.50923 
     5.21578      6.36044 
      5.3198      7.15822 
      5.2508      6.97207 
     5.46092      6.81799 
     5.32267      6.78107 
     5.11881      6.88781 
     5.26671      6.46249 
      5.0439      6.11018 
     5.16287      6.66595 
     5.24931       6.3968 
     5.28947      6.57422 
      5.1375      6.65808 
     5.16517      6.17696 
     5.10734      6.72963 
     5.11847      5.94443 
     5.08076      6.05965 
     5.08078      6.45064 
     5.01733      6.24514 
     4.93772       6.1937 
     5.07007      6.29273 
       5.017       6.5358 
     5.09967      6.59403 
     4.97661      6.69404 
     4.84207      6.40776 
     5.11972      6.36928 
     4.81295      6.59108 
     5.02228      6.50173 
     4.85381        6.487 
     4.86534      6.19678 
     4.92474      6.41493 
     5.18553      6.52222 
     5.00098      6.73171 
     5.00103      6.28053 
     4.93311      6.08055 
     4.70099      6.18972 
     4.72834      6.27038 
     4.75861      6.08902 
     4.73245      5.90175 
     4.84608      6.12084 
     4.79976      6.06317 
     4.75426      5.97996 
     4.83061      6.06562 
      4.6673      6.61822 
     4.90839      6.32541 
     4.86732      5.95579 
      4.5573      5.82738 
     4.80997      6.02769 
     4.69383      5.84023 
     4.72697      6.09179 
     4.60165      6.31845 
     4.77453      6.10768 
     4.94811       6.3097 
     4.62355      6.57226 
      4.7032      6.05313 
     4.68952      5.69037 
     4.62188      5.98903 
     4.60628      6.13958 
     4.68505       5.5467 
     4.79528      5.87777 
     4.57915      5.92555 
     4.67664       5.9024 
     4.56274      5.94197 
     4.50829      5.85836 
     4.40113      6.29621 
     4.53203      5.89992 
     4.54207       6.2569 
     4.44872      6.10248 
     4.47759      6.18559 
     4.43684      6.19338 
     4.38014      5.90826 
     4.55325      5.98876 
     4.62536      6.15111 
     4.40313      5.60312 
     4.42859      5.74733 
     4.47911      5.97718 
     4.46278      6.29177 
     4.56095      5.83067 
      4.4132      5.87281 
     4.47444      5.97085 
     4.51862      6.66749 
     4.45906       5.7771 
     4.39664      6.00907 
      4.4947      6.20319 
     4.60488         5.65 
     4.37681      5.78036 
     4.27441      6.05544 
     4.41755      6.02514 
     4.38609      5.59615 
     4.30135      6.32571 
     4.48361      6.15372 
      4.4141      5.84848 
     4.32833       5.7761 
     4.27688      6.11069 
     4.23762      5.96963 
     4.43453      6.10318 
     4.36461      5.53183 
     4.31659      5.66437 
     4.20057      5.66995 
     4.34875      6.09369 
      4.1705      6.20265 
     4.32351      5.78065 
     4.39348      6.15768 
     4.28163      5.56787 
     4.36932      5.73421 
     4.15379      5.71957 
     4.25287      5.86193 
     4.28123      5.91327 
     4.18265      5.49207 
     4.00174      5.48464 
     4.17487      5.73286 
     4.13079      5.55754 
     4.24543      5.72959 
     4.25254      5.53713 
     4.17809      5.53879 
       4.231      5.52118 
     4.25559      5.24993 
     4.28523      5.83177 
     4.09072      6.12412 
     4.22638       5.7577 
     4.24687        5.861 
     4.19972      5.98475 
     4.20669      5.56232 
     4.04931      5.85558 
     4.12826      5.85408 
      4.2251       5.7392 
     4.10086      5.50033 
     4.09314      5.68885 
     4.03391      5.52506 
     4.06158      5.60339 
     3.95606       5.3275 
     4.06898       5.4661 
     4.19128      5.55622 
     3.97078        5.353 
     3.97252      5.64444 
     4.01219      5.32329 
     4.01916      5.77087 
     3.93745      5.99751 
     4.00975       5.5202 
     3.94607      5.75095 
     3.99356      5.69453 
     4.00282      5.35737 
     3.99861      5.33545 
     3.95905      5.42447 
     3.96895      5.29619 
     4.00122      5.42584 
     3.99395      5.30661 
     3.96602      5.57085 
     3.88366      5.83672 
     3.88544      5.40127 
     3.83255      5.63207 
     3.95152      5.63947 
     3.94683      5.55822 
      3.9884      5.31435 
     3.88997      5.41303 
      3.9242       5.4712 
     3.95305      5.99872 
     3.88611      5.72544 
     3.89904      5.37447 
     3.88572      5.55821 
     3.95324      5.37987 
     3.80951      5.27241 
     3.76886      5.18339 
     3.83434      5.32082 
      3.8282       5.3553 
     3.83608      5.36292 
     3.78809      5.30101 
     3.81076      5.38281 
     3.78435      5.43658 
     3.78902      4.99108 
     3.81825      5.56756 
     3.74167      5.28974 
     3.77994      5.53516 
     3.79738      5.31423 
     3.87576      5.35907 
     3.85488      5.14556 
     3.96746      5.10548 
     3.74072      5.54746 
     3.76275      5.62321 
     3.77039      4.99179 
     3.78898      5.48951 
     3.84554      5.59234 
     3.65341      5.20085 
     3.65386      5.09869 
     3.73002      5.14184 
     3.75607       5.6664 
     3.77816      4.94294 
     3.76701      5.52305 
        3.67      5.31759 
     3.77503      5.34835 
     3.74746       5.4459 
     3.67898      5.05402 
     3.69597      5.35716 
     3.78746      5.48219 
     3.76065      5.20299 
     3.76032      5.11553 
     3.80852      5.34021 
     3.71916      5.31702 
     3.72229      4.98853 
     3.68051      5.16083 
     3.79496      5.08691 
     3.69519      5.51868 
      3.7848      5.05428 
     3.63701      5.48057 
     3.63584      5.16074 
     3.63749       5.3787 
     3.78199      5.20427 
     3.61252      4.97791 
     3.64772      5.24542 
      3.8793      5.32117 
     3.63336      5.29203 
      3.6783      5.42345 
     3.60482      5.11827 
     3.63055      5.06747 
     3.58541      5.24612 
     3.66731      5.01527 
     3.59637      5.51508 
     3.67529      5.11497 
     3.66197      5.13081 
      3.6153       5.1065 
     3.54589      5.02632 
     3.48409      5.08784 
     3.56945      4.99816 
     3.46858      4.99444 
     3.57603      4.86503 
     3.72073      5.12386 
     3.54302      5.05707 
     3.62144       5.1794 
     3.47677      5.31136 
     3.56055      4.88258 
     3.64024      5.16251 
     3.53902       4.9121 
     3.59445      5.08781 
     3.63689      4.95382 
     3.56968      5.07031 
      3.4677      4.85116 
     3.53978      5.00296 
      3.5632      5.00545 
      3.6746      4.88385 
     3.55487      5.03298 
     3.50922      5.05582 
     3.53079        4.877 
     3.61592      5.03824 
      3.4652      5.22628 
     3.52483      4.71462 
      3.5043      5.34872 
     3.53801      5.17024 
     3.58831      5.44379 
     3.49979      5.03311 
     3.42695       4.9803 
     3.57798      5.09058 
     3.57357      4.78868 
     3.43553      5.34269 
     3.46424      5.01966 
      3.4611      4.85372 
     3.51863      5.26478 
      3.5597      4.75356 
     3.46503      4.83081 
       3.539      5.06048 
     3.42429      4.97086 
       3.557      4.87437 
     3.38395      5.29252 
     3.56584      4.99876 
     3.40849      5.20972 
     3.42441      5.19311 
     3.44878      5.13548 
     3.58428      5.22254 
     3.44031      5.02662 
     3.35388      5.16093 
     3.41617      4.87067 
     3.47783      5.17931 
     3.34612      5.24533 
     3.45045      4.96364 
     3.52123      5.11431 
     3.42144      4.63724 
     3.38584      4.80561 
     3.26513      4.71847 
     3.28036      4.74018 
      3.3093      5.07201 
     3.34966      5.08022 
     3.38836      4.98626 
     3.23858      4.75268 
     3.34411       4.9532 
     3.39208      5.04903 
      3.3597      5.02697 
     3.42002      5.04523 
     3.25911      4.99374 
     3.30162      5.08836 
     3.16544       4.7172 
     3.32779      4.96605 
     3.35344      4.98661 
     3.35221       4.4776 
     3.30835      4.66526 
     3.30263      4.72575 
      3.4371      4.94791 
      3.2587      4.60812 
     3.25068       4.8392 
     3.35817      4.73017 
     3.25419      5.12527 
     3.25445      4.59723 
     3.30041      4.62633 
     3.24947      5.14941 
     3.29828      5.15927 
     3.20732      4.92982 
     3.20871      4.65866 
     3.24048      4.80857 
     3.29276      5.04934 
     3.33762      4.97998 
     3.34734      4.54275 
     3.13408      4.69612 
     3.12396      4.67684 
     3.33499      4.82261 
     3.27371      5.08198 
     3.27722      4.98373 
     3.19397      5.05346 
       3.304      4.95795 
     3.31508      5.02324 
     3.21687      4.83775 
     3.22954      4.96022 
     3.23288      4.46428 
     3.22907      4.92051 
     3.27613        4.488 
     3.21204      4.80746 
     3.15404      4.96067 
     3.07805      4.65697 
     3.25723      4.75531 
      3.2614      4.69186 
      3.1412      4.89993 
     3.11797      4.55617 
     3.10516      4.82865 
     3.13287       4.8459 
     3.21871      4.50948 
     3.33863      4.87758 
     3.16724      4.87871 
     3.22345      4.71928 
     3.10427      4.86929 
     3.07315      5.04353 
     3.15548      4.65901 
     3.26599       4.9505 
     3.19031       4.5899 
     3.21929      4.60714 
     3.19453      4.65013 
     3.11673      4.79706 
     3.10174      4.81655 
     3.18106      4.94228 
     3.08586      4.92302 
     3.09382      4.90633 
      3.1148      4.81187 
     3.07207      4.62969 
     3.06248      4.69588 
      3.1123      4.74007 
     3.11513      5.20176 
     3.10844       4.7499 
     3.09852      4.57934 
     3.05498      4.48254 
     3.11654      4.67946 
     2.99884      4.86252 
     3.06707      4.53674 
     3.14167       4.8015 
     3.09754      4.68977 
     3.07869      4.66441 
      3.1895      4.94018 
     3.00121      4.53437 
     3.00025      4.59426 
     2.90259      4.74743 
     3.08889      4.58407 
     3.10579      4.70835 
     3.07329      4.54223 
     3.09342      4.75146 
     2.95074      4.52917 
     3.05436      4.44031 
     3.05018      4.51039 
     3.03377      4.68465 
     3.06842      4.93742 
     3.01309      4.83198 
     3.02293      4.90728 
     3.07133      4.54205 
     3.07812      4.64774 
     3.01737      4.52405 
     2.99249      4.66689 
     3.04725       4.5791 
     3.02837       4.7982 
       2.957      4.89079 
     2.91577      4.78256 
     2.95357      4.81136 
     2.87131      4.74196 
     2.94653      4.60036 
     2.97768      4.76358 
     2.89771      4.90148 
     2.99868      4.67609 
     2.91131      4.63818 
      2.8626      4.73127 
     2.89367      4.80275 
      2.9352      4.54371 
     2.91598      4.59047 
     2.91949      4.78632 
